v =

   -0.1153   -0.6520    0.4594   -0.4344    0.4024
   -0.4121    0.1161    0.1754    0.6644    0.5869
    0.8399    0.2281    0.1510    0.0279    0.4679
    0.1924   -0.6083   -0.7034    0.2681    0.1621
   -0.2728    0.3734   -0.4905   -0.5452    0.4984


d =

   -7.8835         0         0         0         0
         0    0.6938         0         0         0
         0         0    4.7636         0         0
         0         0         0    5.4052         0
         0         0         0         0   11.0209
